[ 6825.793620] [Project 1] 4079 1588165254.072712782 1588165255.128540875
[ 6827.806254] [Project 1] 4080 1588165256.132868722 1588165257.141186407
[ 6829.814159] [Project 1] 4081 1588165258.154041803 1588165259.149096366
[ 6831.828087] [Project 1] 4082 1588165260.159517315 1588165261.163025241
[ 6833.828225] [Project 1] 4083 1588165262.165904750 1588165263.163165765
[ 6835.846921] [Project 1] 4084 1588165264.171848295 1588165265.181867185
[ 6837.858993] [Project 1] 4085 1588165266.190267721 1588165267.193941925
[ 6839.868333] [Project 1] 4086 1588165268.200287375 1588165269.203285282
[ 6841.877409] [Project 1] 4087 1588165270.209397177 1588165271.212364885
[ 6843.873781] [Project 1] 4088 1588165272.213356246 1588165273.208739530
